11
4
0.5630590418291932 -0.0561959213745209 -0.3606852080817306 0.015692353532585124 
-0.027961008162114085 0.826571016276524 0.4803003056685546 0.3736178909423221 
0.32307797405062055 0.29581106708459787 -0.8496683692263881 -0.5571759475638469 
0.16296442640270714 -0.24138991211167973 -0.47525078821378774 -0.002784222331186495 
-0.5394801664479015 0.8182006510651427 -0.058405818088940756 0.39136245369995404 
0.2969392225664699 0.004096714291370246 -0.1836155181632095 -0.2580051343012615 
-0.05239477490751503 0.6364452323169258 0.3099985428962674 0.505952396188525 
-0.3893911824739974 0.5215779161712827 0.30117156409229895 -0.5684506697971593 
-0.12007301910206727 0.5543869737615427 -0.1915363554552139 0.6492004429002383 
-0.5737409266728211 -1.3781905139358328 -0.21100840167378354 -0.4395762764738542 
0.6924183933071119 -2.885610141561544 -0.5989811396051077 -0.33630795600504954 
0.792852959215911 
-3.1651015665584468 
-0.597500510444975 
-0.3752182073510102 
0.016332695974540918 0.6010315904868002 -0.10862413009836039 -0.0711689591064522 
1.564720288256021
