11
4
-0.273082102639244 -0.6216402105424965 0.09547765674350671 0.5147348134710359 
0.7157149831006566 0.3230845881438112 -0.5673413800147251 -0.5120678671443247 
-0.07570217482286326 -0.4119138744209186 -0.23272694955316045 0.22593792993040346 
-0.0178630066935001 -0.19952012972625893 0.4945123454239121 0.25743920190507036 
0.44419682913233205 -0.10414121684904855 -0.5453697523501322 -0.2052528225050113 
-0.3001544062344063 0.5370802957172252 -0.22077464122435597 -0.20216537453704134 
0.2573722938211298 -0.6106275060837958 -0.3100223417022082 -0.42017566244304955 
0.703521828347575 -0.27440319759053067 -0.5939031947920678 -0.5324129542446728 
0.009868787141975728 -0.40222189513099327 0.04979519088581893 -0.5556220436782733 
-0.21436374950440004 0.591731698397057 0.6956141199197873 0.7724634919396787 
-1.848960709514611 0.7084111552607776 1.605767943488857 1.327675578846544 
-2.360796121804918 
0.8463171528411404 
1.6486410019120459 
1.6255235317415386 
0.3760389391724828 -0.07662992215748032 -0.36698678605639207 -0.2732237101717192 
-0.6002328349318921
