11
4
-0.009067850324231082 0.2392571698870134 -0.4437289975059505 0.0998858144683383 
-0.08102192030900178 0.49101655231057617 0.04320510491973102 0.5216215754479746 
0.32600215480863887 -0.13662201287316794 0.03729710874322343 -0.2298879597692025 
0.4321002369771118 -0.43872442270466455 0.29784382795799513 0.5727586805693845 
-0.02473278046597732 -0.17516301647362456 -0.3312788477572681 -0.21807394941428934 
-0.2309771120199185 -0.3977491272444709 0.025827828245469926 -0.6740711767797093 
-0.2968058712562164 0.6554360564009475 0.14409763982862084 -0.6606777925143986 
0.5230588788739262 -0.18962218322108157 0.06075537485031754 -0.13618562808738136 
0.45781061712517257 0.09207694296906381 -0.5017180096542095 0.2940872474111123 
-0.6719229370768566 0.28253346751499736 0.39622488858434823 -0.4237658757342371 
-0.4769043652584443 0.24308904892633 0.4071176146418183 -0.12969448027036318 
-0.5884795085927977 
-1.3387619477804502 
0.475017054098921 
-0.7768275180746794 
0.0 0.0 0.0 0.0 
0.0
