11
4
0.04090926790875688 -0.13189173591648612 0.6847992896900941 0.10466150650160405 
-0.8926445872438993 0.03662915552196257 -0.4955737147742928 0.21923857036174432 
-0.10491900748023711 0.006756722071809492 -0.6285467489222261 -0.7655521312610384 
0.5586038356246029 0.5374074311408342 -0.07107704001468344 -0.12127709995860358 
-0.5777894885266908 -0.2928424542968139 -0.37509298688934917 0.3812278385500711 
-0.0535911786009254 -0.4273183322777189 0.09676389999202527 -0.02228157359495952 
-0.3635614280554876 -0.05843376806226493 -0.700652298583047 -0.1338782012365221 
-0.06461780576890538 -0.19606697627859473 -0.47990961821865774 0.4313539128869557 
-0.7269007634671547 -0.2455049589487813 -0.5294474117078772 0.9083915564191652 
1.39619265327718 -0.008762055500218904 0.4387557515855584 0.1472598699639434 
2.717016499691504 -0.7908826218895945 2.0791904169915862 -0.6538315396714732 
2.4730323066960582 
-0.6409790216483895 
1.9258056065040723 
-1.3829397138124573 
-0.5241209540846107 0.055120916917987144 -0.5253995956875499 0.31998782549111077 
-1.16053114623893
